0 0.78515625 0.3125 0.20625 0.14765625
0 0.77890625 0.16875 0.2 0.1140625
0 0.853125 0.0578125 0.29375 0.0984375
0 0.6375 0.21640625 0.0828125 0.06953125
0 0.63671875 0.38203125 0.06796875 0.19765625
0 0.5765625 0.15703125 0.0375 0.09375
0 0.58046875 0.06953125 0.04375 0.04765625
0 0.42578125 0.0765625 0.08515625 0.1203125
0 0.51171875 0.18828125 0.08203125 0.084375
0 0.440625 0.24921875 0.090625 0.1265625
0 0.334375 0.146875 0.08359375 0.11484375
0 0.2296875 0.22109375 0.1390625 0.22578125
0 0.09453125 0.20703125 0.01328125 0.0015625
0 0.115625 0.12109375 0.05234375 0.08359375
0 0.25078125 0.05390625 0.1796875 0.065625
0 0.13046875 0.53671875 0.1125 0.303125
0 0.040625 0.7765625 0.0625 0.23125
0 0.171875 0.775 0.11875 0.2671875
0 0.30859375 0.8234375 0.1125 0.20234375
0 0.26953125 0.60625 0.14296875 0.15390625
0 0.43671875 0.8171875 0.1125 0.2421875
0 0.621875 0.86796875 0.23359375 0.08125
0 0.653125 0.7484375 0.15 0.109375
0 0.63828125 0.6265625 0.1984375 0.153125
0 0.9375 0.84765625 0.125 0.1078125
0 0.92421875 0.70234375 0.11796875 0.15390625
0 0.4453125 0.50546875 0.1765625 0.2515625
0 0.13125 0.278125 0.08984375 0.14765625
0 0.0453125 0.5734375 0.03125 0.0703125
0 0.03203125 0.48125 0.0390625 0.06015625
0 0.5296875 0.759375 0.07890625 0.15546875
0 0.1140625 0.0375 0.0515625 0.0453125
0 0.94375 0.30234375 0.01875 0.0609375
0 0.984375 0.2734375 0.03125 0.06875