0 0.08359375 0.14921875 0.16171875 0.29453125
0 0.08046875 0.43984375 0.1359375 0.25546875
0 0.08515625 0.7765625 0.15546875 0.328125
0 0.25 0.76796875 0.17734375 0.29921875
0 0.246875 0.44296875 0.16328125 0.29921875
0 0.25 0.13828125 0.16640625 0.27578125
0 0.4375 0.14609375 0.1703125 0.290625
0 0.425 0.45703125 0.1453125 0.3046875
0 0.4265625 0.7734375 0.14609375 0.30390625
0 0.60078125 0.76796875 0.175 0.3046875
0 0.6 0.45390625 0.1578125 0.30078125
0 0.60078125 0.1453125 0.15625 0.28828125
0 0.77578125 0.14296875 0.15703125 0.2859375
0 0.9390625 0.14375 0.12109375 0.28515625
0 0.93828125 0.45078125 0.1234375 0.303125
0 0.77890625 0.44921875 0.16328125 0.296875
0 0.77890625 0.765625 0.15625 0.309375
0 0.934375 0.7703125 0.13125 0.321875