0 0.11171875 0.52890625 0.17421875 0.15703125
0 0.1171875 0.38046875 0.1515625 0.0875
0 0.14140625 0.253125 0.14453125 0.08671875
0 0.15390625 0.14140625 0.13125 0.06171875
0 0.14375 0.040625 0.15 0.05703125
0 0.33359375 0.05703125 0.14140625 0.0796875
0 0.3359375 0.1546875 0.140625 0.07109375
0 0.3296875 0.26484375 0.1515625 0.0796875
0 0.3203125 0.38125 0.14921875 0.1171875
0 0.30859375 0.534375 0.1890625 0.15625
0 0.50546875 0.7171875 0.16796875 0.52265625
0 0.70078125 0.73046875 0.16640625 0.5296875
0 0.909375 0.7203125 0.178125 0.559375
0 0.5046875 0.37734375 0.16640625 0.13828125
0 0.50546875 0.24609375 0.15234375 0.08359375
0 0.50625 0.14453125 0.14765625 0.08984375
0 0.6828125 0.0453125 0.15625 0.08125
0 0.69453125 0.13828125 0.14921875 0.0953125
0 0.69296875 0.2515625 0.146875 0.09140625
0 0.70546875 0.3609375 0.171875 0.1203125
0 0.8796875 0.35703125 0.1609375 0.134375
0 0.8640625 0.23359375 0.14921875 0.0953125
0 0.85546875 0.1265625 0.1546875 0.1125
0 0.8390625 0.0234375 0.1328125 0.046875
0 0.4984375 0.03046875 0.15546875 0.0609375
0 0.975 0.03671875 0.05 0.05546875
0 0.98046875 0.12734375 0.03828125 0.06484375
0 0.98828125 0.2359375 0.0234375 0.0390625
0 0.01171875 0.28046875 0.0234375 0.04296875
0 0.01640625 0.1578125 0.0328125 0.01015625
0 0.0140625 0.02890625 0.028125 0.0328125